14329500 21913125 4 buyTicket 50000003 passenger2 3 3 2 3 1 true
14326291 21348375 2 buyTicket 30000002 passenger0 3 1 1 3 3 true
21916750 21926166 4 refundTicket 50000003 passenger2 3 3 2 3 1 true
21357750 21384500 2 buyTicket 30000002 passenger0 3 1 1 3 3 true
21928041 21944333 4 buyTicket 50000003 passenger2 3 3 2 3 1 true
21388833 22115750 2 refundTicket 30000002 passenger0 3 1 1 3 3 true
21946250 21958333 4 buyTicket 50000003 passenger2 3 3 2 3 1 true
14987625 21399125 13 buyTicket 110000002 passenger2 3 1 2 3 1 true
21415458 21495250 13 buyTicket 110000002 passenger2 3 1 2 3 1 true
14372583 21459666 7 buyTicket 80000003 passenger0 1 1 2 3 2 true
14500041 22029625 9 buyTicket 120000001 passenger0 2 3 2 3 1 true
14397666 22174916 8 buyTicket 70000002 passenger1 2 2 2 3 3 true
22178666 22188166 8 refundTicket 70000002 passenger1 2 2 2 3 3 true
22190916 22207208 8 buyTicket 70000002 passenger1 2 2 2 3 3 true
14394333 22174916 10 buyTicket 20000003 passenger0 2 2 1 2 3 true
14512333 21420916 11 buyTicket 60000002 passenger2 1 1 1 2 1 true
22179041 22195583 10 buyTicket 20000003 passenger0 2 2 1 2 3 true
15066541 21626708 1 buyTicket 10000001 passenger0 2 3 1 3 3 true
22197333 22204625 10 refundTicket 20000003 passenger0 2 2 1 2 3 true
21631916 21642875 1 refundTicket 10000001 passenger0 2 3 1 3 3 true
22206291 22216958 10 buyTicket 20000003 passenger0 2 2 1 2 3 true
14333458 21361291 6 buyTicket 100000001 passenger0 2 2 1 3 1 true
21469958 21494791 7 refundTicket 80000003 passenger0 1 1 2 3 2 true
14484041 21367750 0 buyTicket 1 passenger2 3 2 2 3 1 true
21501333 21534708 7 buyTicket 80000003 passenger0 1 1 2 3 2 true
15241708 21916000 14 buyTicket 130000002 passenger3 2 2 1 3 1 true
15940583 22009250 15 buyTicket 150000002 passenger2 3 3 2 3 2 true
21919208 21937750 14 buyTicket 130000002 passenger3 2 2 1 3 1 true
14622000 21678541 12 buyTicket 140000002 passenger2 2 2 1 3 2 true
21685916 21704916 12 refundTicket 140000002 passenger2 2 2 1 3 2 true
21709333 21742166 12 buyTicket 140000002 passenger2 2 2 1 3 2 true
22015958 22043916 15 buyTicket 150000002 passenger2 3 3 2 3 2 true
21939833 21951625 14 buyTicket 130000002 passenger3 2 2 1 3 1 true
21539791 21566041 7 buyTicket 80000003 passenger0 1 1 2 3 2 true
21365750 21389583 6 buyTicket 100000001 passenger0 2 2 1 3 1 true
21393125 21424583 6 refundTicket 100000001 passenger0 2 2 1 3 1 true
21427250 21445958 11 buyTicket 60000002 passenger2 1 1 1 2 1 true
15118791 21349333 5 buyTicket 90000002 passenger2 1 2 2 3 3 true
14338333 21913458 3 buyTicket 40000002 passenger1 1 2 2 3 2 true
21359500 21389583 5 buyTicket 90000002 passenger2 1 2 2 3 3 true
21448541 21459166 11 refundTicket 60000002 passenger2 1 1 1 2 1 true
21953166 21961208 14 refundTicket 130000002 passenger3 2 2 1 3 1 true
21918000 21927958 3 refundTicket 40000002 passenger1 1 2 2 3 2 true
21930333 21945083 3 buyTicket 40000002 passenger1 1 2 2 3 2 true